from 0x1c278080L
0	1
22	64
48	120
52	120
56	120
72	1024
82	64
87	256
140	2208
147	39
155	5022
163	39
224	250
228	64
337	37
346	2714
356	2208
447	256
463	4352
484	2254
488	2254
499	45
703	512
711	1280
719	512
727	1280
761	37
767	1024
775	1280
787	40
791	1280
803	40
808	1204
815	256
926	50
939	256
1021	127
1201	256
1291	2304
1295	2304
1302	197
1315	37
1409	409
1416	516
1424	115
1431	3328
1440	4096
1449	48
1466	325
1474	7133
1479	1792
1487	256
1591	256
1691	8192
1697	195
1705	195
1767	256
1792	64
1814	64
1840	120
1844	120
1848	120
1864	1024
1874	64
1879	256
1932	2198
1937	3819
1947	5012
1953	3800
2016	250
2020	64
2047	1792
2127	256
2137	90
2148	2198
2169	8194
2176	140
2247	8192
2255	4352
2276	8593
2280	8593
2290	3174
2393	8194
2399	222
2417	8194
2423	222
2441	8194
2447	222
2465	8194
2471	222
2485	127
2551	256
2569	36
2578	766
2585	36
2594	766
2600	225
2716	52
2813	127
2993	256
3083	3328
3087	3328
3093	1792
3105	2048
3200	3002
3215	6656
3279	256
3383	256
3483	8192
3489	195
3497	195
from 0x1c278080L
0	1
22	64
48	120
52	120
56	120
72	1024
82	64
87	256
140	2208
147	39
155	5022
163	39
224	250
228	64
337	37
346	2714
356	2208
447	256
463	4352
484	2254
488	2254
499	45
703	512
711	1280
719	512
727	1280
761	37
767	1024
775	1280
787	40
791	1280
803	40
808	1204
815	256
926	50
939	256
1021	127
1201	256
1291	2304
1295	2304
1302	197
1315	37
1409	409
1416	516
1424	115
1431	3328
1440	4096
1449	48
1466	325
1474	7133
1479	1792
1487	256
1591	256
1691	8192
1697	195
1705	195
1767	256
1792	64
1814	64
1840	120
1844	120
1848	120
1864	1024
1874	64
1879	256
1932	2198
1937	3819
1947	5012
1953	3800
2016	250
2020	64
2047	1792
2127	256
2137	90
2148	2198
2169	8194
2176	140
2247	8192
2255	4352
2276	8593
2280	8593
2290	3174
2393	8194
2399	222
2417	8194
2423	222
2441	8194
2447	222
2465	8194
2471	222
2485	127
2551	256
2569	36
2578	766
2585	36
2594	766
2600	225
2716	52
2813	127
2993	256
3083	3328
3087	3328
3093	1792
3105	2048
3200	3002
3215	6656
3279	256
3383	256
3483	8192
3489	195
3497	195
from 0x1c278080L
0	1
22	64
48	120
52	120
56	120
72	1024
82	64
87	256
140	2208
147	39
155	5022
163	39
224	250
228	64
337	37
346	2714
356	2208
447	256
463	4352
484	2254
488	2254
499	45
703	512
711	1280
719	512
727	1280
761	37
767	1024
775	1280
787	40
791	1280
803	40
808	1204
815	256
926	50
939	256
1021	127
1201	256
1291	2304
1295	2304
1302	197
1315	37
1409	409
1416	516
1424	115
1431	3328
1440	4096
1449	48
1466	325
1474	7133
1479	1792
1487	256
1591	256
1691	8192
1697	195
1705	195
1767	256
1792	64
1814	64
1840	120
1844	120
1848	120
1864	1024
1874	64
1879	256
1932	2198
1937	3819
1947	5012
1953	3800
2016	250
2020	64
2047	1792
2127	256
2137	90
2148	2198
2169	8194
2176	140
2247	8192
2255	4352
2276	8593
2280	8593
2290	3174
2393	8194
2399	222
2417	8194
2423	222
2441	8194
2447	222
2465	8194
2471	222
2485	127
2551	256
2569	36
2578	766
2585	36
2594	766
2600	225
2716	52
2813	127
2993	256
3083	3328
3087	3328
3093	1792
3105	2048
3200	3002
3215	6656
3279	256
3383	256
3483	8192
3489	195
3497	195
