from 0x1c278318L
39	512
47	1280
55	512
63	1280
97	37
103	1024
111	1280
123	40
127	1280
139	40
144	1204
151	256
262	50
275	256
357	127
from 0x1c278218L
39	256
55	4352
76	2254
80	2254
91	45
295	512
303	1280
311	512
319	1280
353	37
359	1024
367	1280
379	40
383	1280
395	40
from 0x1c278218L
39	256
55	4352
76	2254
80	2254
91	45
295	512
303	1280
311	512
319	1280
353	37
359	1024
367	1280
379	40
383	1280
395	40
from 0x1c278218L
39	256
55	4352
76	2254
80	2254
91	45
295	512
303	1280
311	512
319	1280
353	37
359	1024
367	1280
379	40
383	1280
395	40
from 0x1c278218L
39	256
55	4352
76	2254
80	2254
91	45
295	512
303	1280
311	512
319	1280
353	37
359	1024
367	1280
379	40
383	1280
395	40
from 0x1c278218L
39	256
55	4352
76	2254
80	2254
91	45
295	512
303	1280
311	512
319	1280
353	37
359	1024
367	1280
379	40
383	1280
395	40
from 0x1c278218L
39	256
55	4352
76	2254
80	2254
91	45
295	512
303	1280
311	512
319	1280
353	37
359	1024
367	1280
379	40
383	1280
395	40
from 0x1c278218L
39	256
55	4352
76	2254
80	2254
91	45
295	512
303	1280
311	512
319	1280
353	37
359	1024
367	1280
379	40
383	1280
395	40
from 0x1c278218L
39	256
55	4352
76	2254
80	2254
91	45
295	512
303	1280
311	512
319	1280
353	37
359	1024
367	1280
379	40
383	1280
395	40
from 0x1c278218L
39	256
55	4352
76	2254
80	2254
91	45
295	512
303	1280
311	512
319	1280
353	37
359	1024
367	1280
379	40
383	1280
395	40
from 0x1c278218L
39	256
55	4352
76	2254
80	2254
91	45
295	512
303	1280
311	512
319	1280
353	37
359	1024
367	1280
379	40
383	1280
395	40
from 0x1c278218L
39	256
55	4352
76	2254
80	2254
91	45
295	512
303	1280
311	512
319	1280
353	37
359	1024
367	1280
379	40
383	1280
395	40
from 0x1c278218L
39	256
55	4352
76	2254
80	2254
91	45
295	512
303	1280
311	512
319	1280
353	37
359	1024
367	1280
379	40
383	1280
395	40
from 0x1c278218L
39	256
55	4352
76	2254
80	2254
91	45
295	512
303	1280
311	512
319	1280
353	37
359	1024
367	1280
379	40
383	1280
395	40
from 0x1c278218L
39	256
55	4352
76	2254
80	2254
91	45
295	512
303	1280
311	512
319	1280
353	37
359	1024
367	1280
379	40
383	1280
395	40
from 0x1c278218L
39	256
55	4352
76	2254
80	2254
91	45
295	512
303	1280
311	512
319	1280
353	37
359	1024
367	1280
379	40
383	1280
395	40
from 0x1c278218L
39	256
55	4352
76	2254
80	2254
91	45
295	512
303	1280
311	512
319	1280
353	37
359	1024
367	1280
379	40
383	1280
395	40
from 0x1c278218L
39	256
55	4352
76	2254
80	2254
91	45
295	512
303	1280
311	512
319	1280
353	37
359	1024
367	1280
379	40
383	1280
395	40
from 0x1c278218L
39	256
55	4352
76	2254
80	2254
91	45
295	512
303	1280
311	512
319	1280
353	37
359	1024
367	1280
379	40
383	1280
395	40
from 0x1c278218L
39	256
55	4352
76	2254
80	2254
91	45
295	512
303	1280
311	512
319	1280
353	37
359	1024
367	1280
379	40
383	1280
395	40
from 0x1c278218L
39	256
55	4352
76	2254
80	2254
91	45
295	512
303	1280
311	512
319	1280
353	37
359	1024
367	1280
379	40
383	1280
395	40
from 0x1c278218L
39	256
55	4352
76	2254
80	2254
91	45
295	512
303	1280
311	512
319	1280
353	37
359	1024
367	1280
379	40
383	1280
395	40
from 0x1c278218L
39	256
55	4352
76	2254
80	2254
91	45
295	512
303	1280
311	512
319	1280
353	37
359	1024
367	1280
379	40
383	1280
395	40
from 0x1c278218L
39	256
55	4352
76	2254
80	2254
91	45
295	512
303	1280
311	512
319	1280
353	37
359	1024
367	1280
379	40
383	1280
395	40
from 0x1c278218L
39	256
55	4352
76	2254
80	2254
91	45
295	512
303	1280
311	512
319	1280
353	37
359	1024
367	1280
379	40
383	1280
395	40
from 0x1c278218L
39	256
55	4352
76	2254
80	2254
91	45
295	512
303	1280
311	512
319	1280
353	37
359	1024
367	1280
379	40
383	1280
395	40
from 0x1c278218L
39	256
55	4352
76	2254
80	2254
91	45
295	512
303	1280
311	512
319	1280
353	37
359	1024
367	1280
379	40
383	1280
395	40
from 0x1c278218L
39	256
55	4352
76	2254
80	2254
91	45
295	512
303	1280
311	512
319	1280
353	37
359	1024
367	1280
379	40
383	1280
395	40
from 0x1c278218L
39	256
55	4352
76	2254
80	2254
91	45
295	512
303	1280
311	512
319	1280
353	37
359	1024
367	1280
379	40
383	1280
395	40
from 0x1c278218L
39	256
55	4352
76	2254
80	2254
91	45
295	512
303	1280
311	512
319	1280
353	37
359	1024
367	1280
379	40
383	1280
395	40
from 0x1c278218L
39	256
55	4352
76	2254
80	2254
91	45
295	512
303	1280
311	512
319	1280
353	37
359	1024
367	1280
379	40
383	1280
395	40
from 0x1c278218L
39	256
55	4352
76	2254
80	2254
91	45
295	512
303	1280
311	512
319	1280
353	37
359	1024
367	1280
379	40
383	1280
395	40
from 0x1c278218L
39	256
55	4352
76	2254
80	2254
91	45
295	512
303	1280
311	512
319	1280
353	37
359	1024
367	1280
379	40
383	1280
395	40
from 0x1c278218L
39	256
55	4352
76	2254
80	2254
91	45
295	512
303	1280
311	512
319	1280
353	37
359	1024
367	1280
379	40
383	1280
395	40
from 0x1c278218L
39	256
55	4352
76	2254
80	2254
91	45
295	512
303	1280
311	512
319	1280
353	37
359	1024
367	1280
379	40
383	1280
395	40
from 0x1c278218L
39	256
55	4352
76	2254
80	2254
91	45
295	512
303	1280
311	512
319	1280
353	37
359	1024
367	1280
379	40
383	1280
395	40
from 0x1c278218L
39	256
55	4352
76	2254
80	2254
91	45
295	512
303	1280
311	512
319	1280
353	37
359	1024
367	1280
379	40
383	1280
395	40
from 0x1c278218L
39	256
55	4352
76	2254
80	2254
91	45
295	512
303	1280
311	512
319	1280
353	37
359	1024
367	1280
379	40
383	1280
395	40
from 0x1c278218L
39	256
55	4352
76	2254
80	2254
91	45
295	512
303	1280
311	512
319	1280
353	37
359	1024
367	1280
379	40
383	1280
395	40
from 0x1c278218L
39	256
55	4352
76	2254
80	2254
91	45
295	512
303	1280
311	512
319	1280
353	37
359	1024
367	1280
379	40
383	1280
395	40
from 0x1c278218L
39	256
55	4352
76	2254
80	2254
91	45
295	512
303	1280
311	512
319	1280
353	37
359	1024
367	1280
379	40
383	1280
395	40
from 0x1c278218L
39	256
55	4352
76	2254
80	2254
91	45
295	512
303	1280
311	512
319	1280
353	37
359	1024
367	1280
379	40
383	1280
395	40
from 0x1c278218L
39	256
55	4352
76	2254
80	2254
91	45
295	512
303	1280
311	512
319	1280
353	37
359	1024
367	1280
379	40
383	1280
395	40
from 0x1c278218L
39	256
55	4352
76	2254
80	2254
91	45
295	512
303	1280
311	512
319	1280
353	37
359	1024
367	1280
379	40
383	1280
395	40
from 0x1c278218L
39	256
55	4352
76	2254
80	2254
91	45
295	512
303	1280
311	512
319	1280
353	37
359	1024
367	1280
379	40
383	1280
395	40
from 0x1c278218L
39	256
55	4352
76	2254
80	2254
91	45
295	512
303	1280
311	512
319	1280
353	37
359	1024
367	1280
379	40
383	1280
395	40
from 0x1c278218L
39	256
55	4352
76	2254
80	2254
91	45
295	512
303	1280
311	512
319	1280
353	37
359	1024
367	1280
379	40
383	1280
395	40
from 0x1c278218L
39	256
55	4352
76	2254
80	2254
91	45
295	512
303	1280
311	512
319	1280
353	37
359	1024
367	1280
379	40
383	1280
395	40
from 0x1c278218L
39	256
55	4352
76	2254
80	2254
91	45
295	512
303	1280
311	512
319	1280
353	37
359	1024
367	1280
379	40
383	1280
395	40
from 0x1c278218L
39	256
55	4352
76	2254
80	2254
91	45
295	512
303	1280
311	512
319	1280
353	37
359	1024
367	1280
379	40
383	1280
395	40
from 0x1c278218L
39	256
55	4352
76	2254
80	2254
91	45
295	512
303	1280
311	512
319	1280
353	37
359	1024
367	1280
379	40
383	1280
395	40
from 0x1c278218L
39	256
55	4352
76	2254
80	2254
91	45
295	512
303	1280
311	512
319	1280
353	37
359	1024
367	1280
379	40
383	1280
395	40
from 0x1c278218L
39	256
55	4352
76	2254
80	2254
91	45
295	512
303	1280
311	512
319	1280
353	37
359	1024
367	1280
379	40
383	1280
395	40
from 0x1c278218L
39	256
55	4352
76	2254
80	2254
91	45
295	512
303	1280
311	512
319	1280
353	37
359	1024
367	1280
379	40
383	1280
395	40
from 0x1c278218L
39	256
55	4352
76	2254
80	2254
91	45
295	512
303	1280
311	512
319	1280
353	37
359	1024
367	1280
379	40
383	1280
395	40
from 0x1f5e0840L
45	127
69	127
83	256
88	145
94	84
144	886
153	70
161	70
185	67
192	890
199	8704
224	40
261	127
269	127
320	33
336	16
346	4011
351	1536
360	4096
367	4352
376	100
383	768
from 0x1f5e0840L
45	127
69	127
83	256
88	145
94	84
144	886
153	70
161	70
185	67
192	890
199	8704
224	40
261	127
269	127
320	33
336	16
346	4011
351	1536
360	4096
367	4352
376	100
383	768
from 0x1f5e0840L
45	127
69	127
83	256
88	145
94	84
144	886
153	70
161	70
185	67
192	890
199	8704
224	40
261	127
269	127
320	33
336	16
346	4011
351	1536
360	4096
367	4352
376	100
383	768
from 0x1f5e0840L
45	127
69	127
83	256
88	145
94	84
144	886
153	70
161	70
185	67
192	890
199	8704
224	40
261	127
269	127
320	33
336	16
346	4011
351	1536
360	4096
367	4352
376	100
383	768
from 0x1f5e0840L
45	127
69	127
83	256
88	145
94	84
144	886
153	70
161	70
185	67
192	890
199	8704
224	40
261	127
269	127
320	33
336	16
346	4011
351	1536
360	4096
367	4352
376	100
383	768
from 0x1f5e0840L
45	127
69	127
83	256
88	145
94	84
144	886
153	70
161	70
185	67
192	890
199	8704
224	40
261	127
269	127
320	33
336	16
346	4011
351	1536
360	4096
367	4352
376	100
383	768
from 0x1f5e0840L
45	127
69	127
83	256
88	145
94	84
144	886
153	70
161	70
185	67
192	890
199	8704
224	40
261	127
269	127
320	33
336	16
346	4011
351	1536
360	4096
367	4352
376	100
383	768
from 0x1f5e0840L
45	127
69	127
83	256
88	145
94	84
144	886
153	70
161	70
185	67
192	890
199	8704
224	40
261	127
269	127
320	33
336	16
346	4011
351	1536
360	4096
367	4352
376	100
383	768
from 0x1f5e0840L
45	127
69	127
83	256
88	145
94	84
144	886
153	70
161	70
185	67
192	890
199	8704
224	40
261	127
269	127
320	33
336	16
346	4011
351	1536
360	4096
367	4352
376	100
383	768
from 0x1f5e0840L
45	127
69	127
83	256
88	145
94	84
144	886
153	70
161	70
185	67
192	890
199	8704
224	40
261	127
269	127
320	33
336	16
346	4011
351	1536
360	4096
367	4352
376	100
383	768
from 0x1f5e0840L
45	127
69	127
83	256
88	145
94	84
144	886
153	70
161	70
185	67
192	890
199	8704
224	40
261	127
269	127
320	33
336	16
346	4011
351	1536
360	4096
367	4352
376	100
383	768
from 0x1f5e0840L
45	127
69	127
83	256
88	145
94	84
144	886
153	70
161	70
185	67
192	890
199	8704
224	40
261	127
269	127
320	33
336	16
346	4011
351	1536
360	4096
367	4352
376	100
383	768
from 0x1f5e0840L
45	127
69	127
83	256
88	145
94	84
144	886
153	70
161	70
185	67
192	890
199	8704
224	40
261	127
269	127
320	33
336	16
346	4011
351	1536
360	4096
367	4352
376	100
383	768
from 0x1f5e0840L
45	127
69	127
83	256
88	145
94	84
144	886
153	70
161	70
185	67
192	890
199	8704
224	40
261	127
269	127
320	33
336	16
346	4011
351	1536
360	4096
367	4352
376	100
383	768
from 0x1f5e0840L
45	127
69	127
83	256
88	145
94	84
144	886
153	70
161	70
185	67
192	890
199	8704
224	40
261	127
269	127
320	33
336	16
346	4011
351	1536
360	4096
367	4352
376	100
383	768
from 0x1f5e0840L
45	127
69	127
83	256
88	145
94	84
144	886
153	70
161	70
185	67
192	890
199	8704
224	40
261	127
269	127
320	33
336	16
346	4011
351	1536
360	4096
367	4352
376	100
383	768
from 0x1f5e0840L
45	127
69	127
83	256
88	145
94	84
144	886
153	70
161	70
185	67
192	890
199	8704
224	40
261	127
269	127
320	33
336	16
346	4011
351	1536
360	4096
367	4352
376	100
383	768
from 0x1f5e0840L
45	127
69	127
83	256
88	145
94	84
144	886
153	70
161	70
185	67
192	890
199	8704
224	40
261	127
269	127
320	33
336	16
346	4011
351	1536
360	4096
367	4352
376	100
383	768
from 0x1f5e0840L
45	127
69	127
83	256
88	145
94	84
144	886
153	70
161	70
185	67
192	890
199	8704
224	40
261	127
269	127
320	33
336	16
346	4011
351	1536
360	4096
367	4352
376	100
383	768
from 0x1f5e0840L
45	127
69	127
83	256
88	145
94	84
144	886
153	70
161	70
185	67
192	890
199	8704
224	40
261	127
269	127
320	33
336	16
346	4011
351	1536
360	4096
367	4352
376	100
383	768
from 0x1f5e0840L
45	127
69	127
83	256
88	145
94	84
144	886
153	70
161	70
185	67
192	890
199	8704
224	40
261	127
269	127
320	33
336	16
346	4011
351	1536
360	4096
367	4352
376	100
383	768
from 0x1f5e0840L
45	127
69	127
83	256
88	145
94	84
144	886
153	70
161	70
185	67
192	890
199	8704
224	40
261	127
269	127
320	33
336	16
346	4011
351	1536
360	4096
367	4352
376	100
383	768
from 0x1f5e0840L
45	127
69	127
83	256
88	145
94	84
144	886
153	70
161	70
185	67
192	890
199	8704
224	40
261	127
269	127
320	33
336	16
346	4011
351	1536
360	4096
367	4352
376	100
383	768
from 0x1f5e0840L
45	127
69	127
83	256
88	145
94	84
144	886
153	70
161	70
185	67
192	890
199	8704
224	40
261	127
269	127
320	33
336	16
346	4011
351	1536
360	4096
367	4352
376	100
383	768
from 0x1f5e0840L
45	127
69	127
83	256
88	145
94	84
144	886
153	70
161	70
185	67
192	890
199	8704
224	40
261	127
269	127
320	33
336	16
346	4011
351	1536
360	4096
367	4352
376	100
383	768
from 0x1f5e0840L
45	127
69	127
83	256
88	145
94	84
144	886
153	70
161	70
185	67
192	890
199	8704
224	40
261	127
269	127
320	33
336	16
346	4011
351	1536
360	4096
367	4352
376	100
383	768
from 0x1f5e0840L
45	127
69	127
83	256
88	145
94	84
144	886
153	70
161	70
185	67
192	890
199	8704
224	40
261	127
269	127
320	33
336	16
346	4011
351	1536
360	4096
367	4352
376	100
383	768
from 0x1c278218L
39	256
55	4352
76	2254
80	2254
91	45
295	512
303	1280
311	512
319	1280
353	37
359	1024
367	1280
379	40
383	1280
395	40
from 0x1c278218L
39	256
55	4352
76	2254
80	2254
91	45
295	512
303	1280
311	512
319	1280
353	37
359	1024
367	1280
379	40
383	1280
395	40
from 0x1c278218L
39	256
55	4352
76	2254
80	2254
91	45
295	512
303	1280
311	512
319	1280
353	37
359	1024
367	1280
379	40
383	1280
395	40
from 0x1c278218L
39	256
55	4352
76	2254
80	2254
91	45
295	512
303	1280
311	512
319	1280
353	37
359	1024
367	1280
379	40
383	1280
395	40
from 0x1c278218L
39	256
55	4352
76	2254
80	2254
91	45
295	512
303	1280
311	512
319	1280
353	37
359	1024
367	1280
379	40
383	1280
395	40
from 0x1c278218L
39	256
55	4352
76	2254
80	2254
91	45
295	512
303	1280
311	512
319	1280
353	37
359	1024
367	1280
379	40
383	1280
395	40
from 0x1c278218L
39	256
55	4352
76	2254
80	2254
91	45
295	512
303	1280
311	512
319	1280
353	37
359	1024
367	1280
379	40
383	1280
395	40
from 0x1c278218L
39	256
55	4352
76	2254
80	2254
91	45
295	512
303	1280
311	512
319	1280
353	37
359	1024
367	1280
379	40
383	1280
395	40
from 0x1c278218L
39	256
55	4352
76	2254
80	2254
91	45
295	512
303	1280
311	512
319	1280
353	37
359	1024
367	1280
379	40
383	1280
395	40
from 0x1c278218L
39	256
55	4352
76	2254
80	2254
91	45
295	512
303	1280
311	512
319	1280
353	37
359	1024
367	1280
379	40
383	1280
395	40
from 0x1c278218L
39	256
55	4352
76	2254
80	2254
91	45
295	512
303	1280
311	512
319	1280
353	37
359	1024
367	1280
379	40
383	1280
395	40
from 0x1c278218L
39	256
55	4352
76	2254
80	2254
91	45
295	512
303	1280
311	512
319	1280
353	37
359	1024
367	1280
379	40
383	1280
395	40
from 0x1c278218L
39	256
55	4352
76	2254
80	2254
91	45
295	512
303	1280
311	512
319	1280
353	37
359	1024
367	1280
379	40
383	1280
395	40
from 0x1c278218L
39	256
55	4352
76	2254
80	2254
91	45
295	512
303	1280
311	512
319	1280
353	37
359	1024
367	1280
379	40
383	1280
395	40
from 0x1c278218L
39	256
55	4352
76	2254
80	2254
91	45
295	512
303	1280
311	512
319	1280
353	37
359	1024
367	1280
379	40
383	1280
395	40
from 0x1c278218L
39	256
55	4352
76	2254
80	2254
91	45
295	512
303	1280
311	512
319	1280
353	37
359	1024
367	1280
379	40
383	1280
395	40
from 0x1f5e0840L
45	127
69	127
83	256
88	145
94	84
144	886
153	70
161	70
185	67
192	890
199	8704
224	40
261	127
269	127
320	33
336	16
346	4011
351	1536
360	4096
367	4352
376	100
383	768
from 0x1f5e0840L
45	127
69	127
83	256
88	145
94	84
144	886
153	70
161	70
185	67
192	890
199	8704
224	40
261	127
269	127
320	33
336	16
346	4011
351	1536
360	4096
367	4352
376	100
383	768
from 0x1f5e0840L
45	127
69	127
83	256
88	145
94	84
144	886
153	70
161	70
185	67
192	890
199	8704
224	40
261	127
269	127
320	33
336	16
346	4011
351	1536
360	4096
367	4352
376	100
383	768
from 0x1f5e0840L
45	127
69	127
83	256
88	145
94	84
144	886
153	70
161	70
185	67
192	890
199	8704
224	40
261	127
269	127
320	33
336	16
346	4011
351	1536
360	4096
367	4352
376	100
383	768
from 0x1f5e0840L
45	127
69	127
83	256
88	145
94	84
144	886
153	70
161	70
185	67
192	890
199	8704
224	40
261	127
269	127
320	33
336	16
346	4011
351	1536
360	4096
367	4352
376	100
383	768
from 0x1f5e0840L
45	127
69	127
83	256
88	145
94	84
144	886
153	70
161	70
185	67
192	890
199	8704
224	40
261	127
269	127
320	33
336	16
346	4011
351	1536
360	4096
367	4352
376	100
383	768
from 0x1f5e0840L
45	127
69	127
83	256
88	145
94	84
144	886
153	70
161	70
185	67
192	890
199	8704
224	40
261	127
269	127
320	33
336	16
346	4011
351	1536
360	4096
367	4352
376	100
383	768
from 0x1f5e0840L
45	127
69	127
83	256
88	145
94	84
144	886
153	70
161	70
185	67
192	890
199	8704
224	40
261	127
269	127
320	33
336	16
346	4011
351	1536
360	4096
367	4352
376	100
383	768
from 0x1f994740L
0	1
22	64
48	120
52	120
56	120
72	1024
82	64
87	256
140	2207
147	63
155	5022
163	63
224	250
228	64
256	144
336	2147
346	623
356	2207
from 0x1f994740L
0	1
22	64
48	120
52	120
56	120
72	1024
82	64
87	256
140	2207
147	63
155	5022
163	63
224	250
228	64
256	144
336	2147
346	623
356	2207
from 0x1f994740L
0	1
22	64
48	120
52	120
56	120
72	1024
82	64
87	256
140	2207
147	63
155	5022
163	63
224	250
228	64
256	144
336	2147
346	623
356	2207
from 0x1f994740L
0	1
22	64
48	120
52	120
56	120
72	1024
82	64
87	256
140	2207
147	63
155	5022
163	63
224	250
228	64
256	144
336	2147
346	623
356	2207
from 0x1f994740L
0	1
22	64
48	120
52	120
56	120
72	1024
82	64
87	256
140	2207
147	63
155	5022
163	63
224	250
228	64
256	144
336	2147
346	623
356	2207
from 0x1f994740L
0	1
22	64
48	120
52	120
56	120
72	1024
82	64
87	256
140	2207
147	63
155	5022
163	63
224	250
228	64
256	144
336	2147
346	623
356	2207
from 0x1f994740L
0	1
22	64
48	120
52	120
56	120
72	1024
82	64
87	256
140	2207
147	63
155	5022
163	63
224	250
228	64
256	144
336	2147
346	623
356	2207
from 0x1f994740L
0	1
22	64
48	120
52	120
56	120
72	1024
82	64
87	256
140	2207
147	63
155	5022
163	63
224	250
228	64
256	144
336	2147
346	623
356	2207
from 0x1f994740L
0	1
22	64
48	120
52	120
56	120
72	1024
82	64
87	256
140	2207
147	63
155	5022
163	63
224	250
228	64
256	144
336	2147
346	623
356	2207
from 0x1f994740L
0	1
22	64
48	120
52	120
56	120
72	1024
82	64
87	256
140	2207
147	63
155	5022
163	63
224	250
228	64
256	144
336	2147
346	623
356	2207
from 0x1f994740L
0	1
22	64
48	120
52	120
56	120
72	1024
82	64
87	256
140	2207
147	63
155	5022
163	63
224	250
228	64
256	144
336	2147
346	623
356	2207
from 0x1f994740L
0	1
22	64
48	120
52	120
56	120
72	1024
82	64
87	256
140	2207
147	63
155	5022
163	63
224	250
228	64
256	144
336	2147
346	623
356	2207
from 0x1f994740L
0	1
22	64
48	120
52	120
56	120
72	1024
82	64
87	256
140	2207
147	63
155	5022
163	63
224	250
228	64
256	144
336	2147
346	623
356	2207
from 0x1f994740L
0	1
22	64
48	120
52	120
56	120
72	1024
82	64
87	256
140	2207
147	63
155	5022
163	63
224	250
228	64
256	144
336	2147
346	623
356	2207
from 0x1f994740L
0	1
22	64
48	120
52	120
56	120
72	1024
82	64
87	256
140	2207
147	63
155	5022
163	63
224	250
228	64
256	144
336	2147
346	623
356	2207
from 0x1f994740L
0	1
22	64
48	120
52	120
56	120
72	1024
82	64
87	256
140	2207
147	63
155	5022
163	63
224	250
228	64
256	144
336	2147
346	623
356	2207
from 0x1ca50998L
165	127
223	256
240	306
250	5247
256	306
266	5247
272	202
390	50
from 0x1ca50998L
165	127
223	256
240	306
250	5247
256	306
266	5247
272	202
390	50
from 0x1ca50998L
165	127
223	256
240	306
250	5247
256	306
266	5247
272	202
390	50
from 0x1ca50998L
165	127
223	256
240	306
250	5247
256	306
266	5247
272	202
390	50
from 0x1ca50998L
165	127
223	256
240	306
250	5247
256	306
266	5247
272	202
390	50
from 0x1ca50998L
165	127
223	256
240	306
250	5247
256	306
266	5247
272	202
390	50
from 0x1ca50998L
165	127
223	256
240	306
250	5247
256	306
266	5247
272	202
390	50
from 0x1ca50998L
165	127
223	256
240	306
250	5247
256	306
266	5247
272	202
390	50
from 0x1f6ed258L
165	127
223	256
240	306
250	5258
256	306
266	5258
272	189
390	50
from 0x1f6ed258L
165	127
223	256
240	306
250	5258
256	306
266	5258
272	189
390	50
from 0x1f6ed258L
165	127
223	256
240	306
250	5258
256	306
266	5258
272	189
390	50
from 0x1f6ed258L
165	127
223	256
240	306
250	5258
256	306
266	5258
272	189
390	50
from 0x1f6ed258L
165	127
223	256
240	306
250	5258
256	306
266	5258
272	189
390	50
from 0x1f6ed258L
165	127
223	256
240	306
250	5258
256	306
266	5258
272	189
390	50
from 0x1f6ed258L
165	127
223	256
240	306
250	5258
256	306
266	5258
272	189
390	50
from 0x1f6ed258L
165	127
223	256
240	306
250	5258
256	306
266	5258
272	189
390	50
from 0x1aca0298L
167	256
183	256
223	1280
231	256
239	1280
251	43
255	1280
267	43
272	59
279	256
386	100
from 0x1aca0298L
167	256
183	256
223	1280
231	256
239	1280
251	43
255	1280
267	43
272	59
279	256
386	100
from 0x1aca0298L
167	256
183	256
223	1280
231	256
239	1280
251	43
255	1280
267	43
272	59
279	256
386	100
from 0x1aca0298L
167	256
183	256
223	1280
231	256
239	1280
251	43
255	1280
267	43
272	59
279	256
386	100
from 0x1aca0298L
167	256
183	256
223	1280
231	256
239	1280
251	43
255	1280
267	43
272	59
279	256
386	100
from 0x1aca0298L
167	256
183	256
223	1280
231	256
239	1280
251	43
255	1280
267	43
272	59
279	256
386	100
from 0x1aca0298L
167	256
183	256
223	1280
231	256
239	1280
251	43
255	1280
267	43
272	59
279	256
386	100
from 0x1aca0298L
167	256
183	256
223	1280
231	256
239	1280
251	43
255	1280
267	43
272	59
279	256
386	100
from 0x1be1ead8L
167	7680
175	8192
183	7680
191	8192
224	4905
232	450
239	1280
250	8466
255	1280
266	8466
272	1939
279	768
394	110
from 0x1be1ead8L
167	7680
175	8192
183	7680
191	8192
224	4905
232	450
239	1280
250	8466
255	1280
266	8466
272	1939
279	768
394	110
from 0x1be1ead8L
167	7680
175	8192
183	7680
191	8192
224	4905
232	450
239	1280
250	8466
255	1280
266	8466
272	1939
279	768
394	110
from 0x1be1ead8L
167	7680
175	8192
183	7680
191	8192
224	4905
232	450
239	1280
250	8466
255	1280
266	8466
272	1939
279	768
394	110
from 0x1be1ead8L
167	7680
175	8192
183	7680
191	8192
224	4905
232	450
239	1280
250	8466
255	1280
266	8466
272	1939
279	768
394	110
from 0x1be1ead8L
167	7680
175	8192
183	7680
191	8192
224	4905
232	450
239	1280
250	8466
255	1280
266	8466
272	1939
279	768
394	110
from 0x1be1ead8L
167	7680
175	8192
183	7680
191	8192
224	4905
232	450
239	1280
250	8466
255	1280
266	8466
272	1939
279	768
394	110
from 0x1be1ead8L
167	7680
175	8192
183	7680
191	8192
224	4905
232	450
239	1280
250	8466
255	1280
266	8466
272	1939
279	768
394	110
from 0x1c278080L
0	1
22	64
48	120
52	120
56	120
72	1024
82	64
87	256
140	2208
147	39
155	5022
163	39
224	250
228	64
337	37
346	2714
356	2208
from 0x1c278080L
0	1
22	64
48	120
52	120
56	120
72	1024
82	64
87	256
140	2208
147	39
155	5022
163	39
224	250
228	64
337	37
346	2714
356	2208
from 0x1c278080L
0	1
22	64
48	120
52	120
56	120
72	1024
82	64
87	256
140	2208
147	39
155	5022
163	39
224	250
228	64
337	37
346	2714
356	2208
from 0x1c278080L
0	1
22	64
48	120
52	120
56	120
72	1024
82	64
87	256
140	2208
147	39
155	5022
163	39
224	250
228	64
337	37
346	2714
356	2208
from 0x1c278080L
0	1
22	64
48	120
52	120
56	120
72	1024
82	64
87	256
140	2208
147	39
155	5022
163	39
224	250
228	64
337	37
346	2714
356	2208
from 0x1c278080L
0	1
22	64
48	120
52	120
56	120
72	1024
82	64
87	256
140	2208
147	39
155	5022
163	39
224	250
228	64
337	37
346	2714
356	2208
from 0x1c278080L
0	1
22	64
48	120
52	120
56	120
72	1024
82	64
87	256
140	2208
147	39
155	5022
163	39
224	250
228	64
337	37
346	2714
356	2208
from 0x1c278080L
0	1
22	64
48	120
52	120
56	120
72	1024
82	64
87	256
140	2208
147	39
155	5022
163	39
224	250
228	64
337	37
346	2714
356	2208
from 0x1c2782b0L
143	512
151	1280
159	512
167	1280
201	37
207	1024
215	1280
227	40
231	1280
243	40
248	1204
255	256
366	50
379	256
from 0x1c2782b0L
143	512
151	1280
159	512
167	1280
201	37
207	1024
215	1280
227	40
231	1280
243	40
248	1204
255	256
366	50
379	256
from 0x1c2782b0L
143	512
151	1280
159	512
167	1280
201	37
207	1024
215	1280
227	40
231	1280
243	40
248	1204
255	256
366	50
379	256
from 0x1c2782b0L
143	512
151	1280
159	512
167	1280
201	37
207	1024
215	1280
227	40
231	1280
243	40
248	1204
255	256
366	50
379	256
from 0x1c2782b0L
143	512
151	1280
159	512
167	1280
201	37
207	1024
215	1280
227	40
231	1280
243	40
248	1204
255	256
366	50
379	256
from 0x1c2782b0L
143	512
151	1280
159	512
167	1280
201	37
207	1024
215	1280
227	40
231	1280
243	40
248	1204
255	256
366	50
379	256
from 0x1c2782b0L
143	512
151	1280
159	512
167	1280
201	37
207	1024
215	1280
227	40
231	1280
243	40
248	1204
255	256
366	50
379	256
from 0x1c2782b0L
143	512
151	1280
159	512
167	1280
201	37
207	1024
215	1280
227	40
231	1280
243	40
248	1204
255	256
366	50
379	256
from 0x1c2782b0L
143	512
151	1280
159	512
167	1280
201	37
207	1024
215	1280
227	40
231	1280
243	40
248	1204
255	256
366	50
379	256
from 0x1c2782b0L
143	512
151	1280
159	512
167	1280
201	37
207	1024
215	1280
227	40
231	1280
243	40
248	1204
255	256
366	50
379	256
from 0x1c2782b0L
143	512
151	1280
159	512
167	1280
201	37
207	1024
215	1280
227	40
231	1280
243	40
248	1204
255	256
366	50
379	256
from 0x1c2782b0L
143	512
151	1280
159	512
167	1280
201	37
207	1024
215	1280
227	40
231	1280
243	40
248	1204
255	256
366	50
379	256
from 0x1c2782b0L
143	512
151	1280
159	512
167	1280
201	37
207	1024
215	1280
227	40
231	1280
243	40
248	1204
255	256
366	50
379	256
from 0x1c2782b0L
143	512
151	1280
159	512
167	1280
201	37
207	1024
215	1280
227	40
231	1280
243	40
248	1204
255	256
366	50
379	256
from 0x1c2782b0L
143	512
151	1280
159	512
167	1280
201	37
207	1024
215	1280
227	40
231	1280
243	40
248	1204
255	256
366	50
379	256
from 0x1c2782b0L
143	512
151	1280
159	512
167	1280
201	37
207	1024
215	1280
227	40
231	1280
243	40
248	1204
255	256
366	50
379	256
from 0x1c2782c0L
127	512
135	1280
143	512
151	1280
185	37
191	1024
199	1280
211	40
215	1280
227	40
232	1204
239	256
350	50
363	256
from 0x1c2782c0L
127	512
135	1280
143	512
151	1280
185	37
191	1024
199	1280
211	40
215	1280
227	40
232	1204
239	256
350	50
363	256
from 0x1c2782c0L
127	512
135	1280
143	512
151	1280
185	37
191	1024
199	1280
211	40
215	1280
227	40
232	1204
239	256
350	50
363	256
from 0x1c2782c0L
127	512
135	1280
143	512
151	1280
185	37
191	1024
199	1280
211	40
215	1280
227	40
232	1204
239	256
350	50
363	256
from 0x1c2782c0L
127	512
135	1280
143	512
151	1280
185	37
191	1024
199	1280
211	40
215	1280
227	40
232	1204
239	256
350	50
363	256
from 0x1c2782c0L
127	512
135	1280
143	512
151	1280
185	37
191	1024
199	1280
211	40
215	1280
227	40
232	1204
239	256
350	50
363	256
from 0x1c2782c0L
127	512
135	1280
143	512
151	1280
185	37
191	1024
199	1280
211	40
215	1280
227	40
232	1204
239	256
350	50
363	256
from 0x1c2782c0L
127	512
135	1280
143	512
151	1280
185	37
191	1024
199	1280
211	40
215	1280
227	40
232	1204
239	256
350	50
363	256
from 0x1be14548L
40	2254
80	3375
89	128
96	212
104	3383
113	129
119	7936
168	3883
200	3421
209	130
216	619
224	3439
232	736
240	120
247	512
296	2152
321	8194
329	134
335	1280
344	3504
353	134
360	205
368	3523
376	40
from 0x1be14548L
40	2254
80	3375
89	128
96	212
104	3383
113	129
119	7936
168	3883
200	3421
209	130
216	619
224	3439
232	736
240	120
247	512
296	2152
321	8194
329	134
335	1280
344	3504
353	134
360	205
368	3523
376	40
from 0x1be14548L
40	2254
80	3375
89	128
96	212
104	3383
113	129
119	7936
168	3883
200	3421
209	130
216	619
224	3439
232	736
240	120
247	512
296	2152
321	8194
329	134
335	1280
344	3504
353	134
360	205
368	3523
376	40
from 0x1be14548L
40	2254
80	3375
89	128
96	212
104	3383
113	129
119	7936
168	3883
200	3421
209	130
216	619
224	3439
232	736
240	120
247	512
296	2152
321	8194
329	134
335	1280
344	3504
353	134
360	205
368	3523
376	40
from 0x1be14548L
40	2254
80	3375
89	128
96	212
104	3383
113	129
119	7936
168	3883
200	3421
209	130
216	619
224	3439
232	736
240	120
247	512
296	2152
321	8194
329	134
335	1280
344	3504
353	134
360	205
368	3523
376	40
from 0x1be14548L
40	2254
80	3375
89	128
96	212
104	3383
113	129
119	7936
168	3883
200	3421
209	130
216	619
224	3439
232	736
240	120
247	512
296	2152
321	8194
329	134
335	1280
344	3504
353	134
360	205
368	3523
376	40
from 0x1be14548L
40	2254
80	3375
89	128
96	212
104	3383
113	129
119	7936
168	3883
200	3421
209	130
216	619
224	3439
232	736
240	120
247	512
296	2152
321	8194
329	134
335	1280
344	3504
353	134
360	205
368	3523
376	40
from 0x1be14548L
40	2254
80	3375
89	128
96	212
104	3383
113	129
119	7936
168	3883
200	3421
209	130
216	619
224	3439
232	736
240	120
247	512
296	2152
321	8194
329	134
335	1280
344	3504
353	134
360	205
368	3523
376	40
from 0x1ca509e8L
85	127
143	256
160	306
170	5247
176	306
186	5247
192	202
310	50
from 0x1ca509e8L
85	127
143	256
160	306
170	5247
176	306
186	5247
192	202
310	50
from 0x1ca509e8L
85	127
143	256
160	306
170	5247
176	306
186	5247
192	202
310	50
from 0x1ca509e8L
85	127
143	256
160	306
170	5247
176	306
186	5247
192	202
310	50
from 0x1ca509e8L
85	127
143	256
160	306
170	5247
176	306
186	5247
192	202
310	50
from 0x1ca509e8L
85	127
143	256
160	306
170	5247
176	306
186	5247
192	202
310	50
from 0x1ca509e8L
85	127
143	256
160	306
170	5247
176	306
186	5247
192	202
310	50
from 0x1ca509e8L
85	127
143	256
160	306
170	5247
176	306
186	5247
192	202
310	50
from 0x1ca50a00L
61	127
119	256
136	306
146	5247
152	306
162	5247
168	202
286	50
381	127
from 0x1ca50a00L
61	127
119	256
136	306
146	5247
152	306
162	5247
168	202
286	50
381	127
from 0x1ca50a00L
61	127
119	256
136	306
146	5247
152	306
162	5247
168	202
286	50
381	127
from 0x1ca50a00L
61	127
119	256
136	306
146	5247
152	306
162	5247
168	202
286	50
381	127
from 0x1ca50a00L
61	127
119	256
136	306
146	5247
152	306
162	5247
168	202
286	50
381	127
from 0x1ca50a00L
61	127
119	256
136	306
146	5247
152	306
162	5247
168	202
286	50
381	127
from 0x1ca50a00L
61	127
119	256
136	306
146	5247
152	306
162	5247
168	202
286	50
381	127
from 0x1ca50a00L
61	127
119	256
136	306
146	5247
152	306
162	5247
168	202
286	50
381	127
from 0x1be14540L
0	16
48	2254
88	3375
97	128
104	212
112	3383
121	129
127	7936
176	3883
208	3421
217	130
224	619
232	3439
240	736
248	120
255	512
304	2152
329	8194
337	134
343	1280
352	3504
361	134
368	205
376	3523
384	40
from 0x1be14540L
0	16
48	2254
88	3375
97	128
104	212
112	3383
121	129
127	7936
176	3883
208	3421
217	130
224	619
232	3439
240	736
248	120
255	512
304	2152
329	8194
337	134
343	1280
352	3504
361	134
368	205
376	3523
384	40
from 0x1be14540L
0	16
48	2254
88	3375
97	128
104	212
112	3383
121	129
127	7936
176	3883
208	3421
217	130
224	619
232	3439
240	736
248	120
255	512
304	2152
329	8194
337	134
343	1280
352	3504
361	134
368	205
376	3523
384	40
from 0x1be14540L
0	16
48	2254
88	3375
97	128
104	212
112	3383
121	129
127	7936
176	3883
208	3421
217	130
224	619
232	3439
240	736
248	120
255	512
304	2152
329	8194
337	134
343	1280
352	3504
361	134
368	205
376	3523
384	40
from 0x1be14540L
0	16
48	2254
88	3375
97	128
104	212
112	3383
121	129
127	7936
176	3883
208	3421
217	130
224	619
232	3439
240	736
248	120
255	512
304	2152
329	8194
337	134
343	1280
352	3504
361	134
368	205
376	3523
384	40
from 0x1be14540L
0	16
48	2254
88	3375
97	128
104	212
112	3383
121	129
127	7936
176	3883
208	3421
217	130
224	619
232	3439
240	736
248	120
255	512
304	2152
329	8194
337	134
343	1280
352	3504
361	134
368	205
376	3523
384	40
from 0x1be14540L
0	16
48	2254
88	3375
97	128
104	212
112	3383
121	129
127	7936
176	3883
208	3421
217	130
224	619
232	3439
240	736
248	120
255	512
304	2152
329	8194
337	134
343	1280
352	3504
361	134
368	205
376	3523
384	40
from 0x1be14540L
0	16
48	2254
88	3375
97	128
104	212
112	3383
121	129
127	7936
176	3883
208	3421
217	130
224	619
232	3439
240	736
248	120
255	512
304	2152
329	8194
337	134
343	1280
352	3504
361	134
368	205
376	3523
384	40
from 0x1c278318L
39	512
47	1280
55	512
63	1280
97	37
103	1024
111	1280
123	40
127	1280
139	40
144	1204
151	256
262	50
275	256
357	127
from 0x1c278318L
39	512
47	1280
55	512
63	1280
97	37
103	1024
111	1280
123	40
127	1280
139	40
144	1204
151	256
262	50
275	256
357	127
from 0x1c278318L
39	512
47	1280
55	512
63	1280
97	37
103	1024
111	1280
123	40
127	1280
139	40
144	1204
151	256
262	50
275	256
357	127
from 0x1c278318L
39	512
47	1280
55	512
63	1280
97	37
103	1024
111	1280
123	40
127	1280
139	40
144	1204
151	256
262	50
275	256
357	127
from 0x1c278318L
39	512
47	1280
55	512
63	1280
97	37
103	1024
111	1280
123	40
127	1280
139	40
144	1204
151	256
262	50
275	256
357	127
from 0x1c278318L
39	512
47	1280
55	512
63	1280
97	37
103	1024
111	1280
123	40
127	1280
139	40
144	1204
151	256
262	50
275	256
357	127
from 0x1c278318L
39	512
47	1280
55	512
63	1280
97	37
103	1024
111	1280
123	40
127	1280
139	40
144	1204
151	256
262	50
275	256
357	127
from 0x1c278318L
39	512
47	1280
55	512
63	1280
97	37
103	1024
111	1280
123	40
127	1280
139	40
144	1204
151	256
262	50
275	256
357	127
